{
 "cells": [
  {
   "cell_type": "markdown",
   "metadata": {
    "id": "FNLnJQRbZRpY"
   },
   "source": [
    "# Intoduction\n",
    "For my final project, I'm going to implement two different machine learining approaches to see how they differ from one another.\n",
    "From this, I hope to draw a conclusion on what approach works best for the dataset. \n",
    "\n",
    "## Dataset \n",
    "This project will primarly will be using the [scikit-learn diabetes dataset](https://scikit-learn.org/stable/datasets/toy_dataset.html#diabetes-dataset). I will consider this project successful if I could test different machine learning models and identify which model works best and know *why* it works best."
   ]
  },
  {
   "cell_type": "markdown",
   "metadata": {
    "id": "wUX8c413Ujcj"
   },
   "source": [
    "# Import Packages\n"
   ]
  },
  {
   "cell_type": "code",
   "execution_count": 2,
   "metadata": {
    "id": "EyXc6Xa7UWow"
   },
   "outputs": [],
   "source": [
    "import pandas as pd\n",
    "import numpy as np\n",
    "import matplotlib.pyplot as plt\n",
    "%matplotlib inline\n",
    "\n",
    "from numpy.random import default_rng\n",
    "from sklearn import datasets # Where our diabetes datasets lives.\n",
    "from sklearn.model_selection import train_test_split # used for splitting our data\n",
    "from sklearn.linear_model import LinearRegression\n",
    "from sklearn.neighbors import KNeighborsClassifier"
   ]
  },
  {
   "cell_type": "markdown",
   "metadata": {
    "id": "PhSzpwstUhQF"
   },
   "source": [
    "Loading the Data Set:\n",
    "\n",
    "We're going to load diabetes dataset from scikit-learn."
   ]
  },
  {
   "cell_type": "code",
   "execution_count": 15,
   "metadata": {
    "colab": {
     "base_uri": "https://localhost:8080/",
     "height": 419
    },
    "id": "-IP2m5MfkxGJ",
    "outputId": "d59b309a-6951-4c8a-9362-db68cbf1d419"
   },
   "outputs": [
    {
     "name": "stdout",
     "output_type": "stream",
     "text": [
      "Index(['AGE', 'SEX', 'BMI', 'BP', 'S1', 'S2', 'S3', 'S4', 'S5', 'S6', 'Y'], dtype='object')\n"
     ]
    }
   ],
   "source": [
    "data = pd.read_csv('diabetes_data.csv')\n",
    "data.head()\n",
    "print(data.columns)"
   ]
  },
  {
   "cell_type": "markdown",
   "metadata": {
    "id": "31KLbIJJpjwj"
   },
   "source": [
    "We could take a quick look at the shape of one feature just so we could visualize how it's structured"
   ]
  },
  {
   "cell_type": "code",
   "execution_count": 17,
   "metadata": {},
   "outputs": [
    {
     "data": {
      "text/html": [
       "<div>\n",
       "<style scoped>\n",
       "    .dataframe tbody tr th:only-of-type {\n",
       "        vertical-align: middle;\n",
       "    }\n",
       "\n",
       "    .dataframe tbody tr th {\n",
       "        vertical-align: top;\n",
       "    }\n",
       "\n",
       "    .dataframe thead th {\n",
       "        text-align: right;\n",
       "    }\n",
       "</style>\n",
       "<table border=\"1\" class=\"dataframe\">\n",
       "  <thead>\n",
       "    <tr style=\"text-align: right;\">\n",
       "      <th></th>\n",
       "      <th>AGE</th>\n",
       "      <th>SEX</th>\n",
       "      <th>BMI</th>\n",
       "      <th>BP</th>\n",
       "      <th>S1</th>\n",
       "      <th>S2</th>\n",
       "      <th>S3</th>\n",
       "      <th>S4</th>\n",
       "      <th>S5</th>\n",
       "      <th>S6</th>\n",
       "      <th>Y</th>\n",
       "    </tr>\n",
       "  </thead>\n",
       "  <tbody>\n",
       "    <tr>\n",
       "      <th>AGE</th>\n",
       "      <td>1.000000</td>\n",
       "      <td>0.173737</td>\n",
       "      <td>0.185085</td>\n",
       "      <td>0.335428</td>\n",
       "      <td>0.260061</td>\n",
       "      <td>0.219243</td>\n",
       "      <td>-0.075181</td>\n",
       "      <td>0.203841</td>\n",
       "      <td>0.270774</td>\n",
       "      <td>0.301731</td>\n",
       "      <td>0.187889</td>\n",
       "    </tr>\n",
       "    <tr>\n",
       "      <th>SEX</th>\n",
       "      <td>0.173737</td>\n",
       "      <td>1.000000</td>\n",
       "      <td>0.088161</td>\n",
       "      <td>0.241010</td>\n",
       "      <td>0.035277</td>\n",
       "      <td>0.142637</td>\n",
       "      <td>-0.379090</td>\n",
       "      <td>0.332115</td>\n",
       "      <td>0.149916</td>\n",
       "      <td>0.208133</td>\n",
       "      <td>0.043062</td>\n",
       "    </tr>\n",
       "    <tr>\n",
       "      <th>BMI</th>\n",
       "      <td>0.185085</td>\n",
       "      <td>0.088161</td>\n",
       "      <td>1.000000</td>\n",
       "      <td>0.395411</td>\n",
       "      <td>0.249777</td>\n",
       "      <td>0.261170</td>\n",
       "      <td>-0.366811</td>\n",
       "      <td>0.413807</td>\n",
       "      <td>0.446157</td>\n",
       "      <td>0.388680</td>\n",
       "      <td>0.586450</td>\n",
       "    </tr>\n",
       "    <tr>\n",
       "      <th>BP</th>\n",
       "      <td>0.335428</td>\n",
       "      <td>0.241010</td>\n",
       "      <td>0.395411</td>\n",
       "      <td>1.000000</td>\n",
       "      <td>0.242464</td>\n",
       "      <td>0.185548</td>\n",
       "      <td>-0.178762</td>\n",
       "      <td>0.257650</td>\n",
       "      <td>0.393480</td>\n",
       "      <td>0.390430</td>\n",
       "      <td>0.441482</td>\n",
       "    </tr>\n",
       "    <tr>\n",
       "      <th>S1</th>\n",
       "      <td>0.260061</td>\n",
       "      <td>0.035277</td>\n",
       "      <td>0.249777</td>\n",
       "      <td>0.242464</td>\n",
       "      <td>1.000000</td>\n",
       "      <td>0.896663</td>\n",
       "      <td>0.051519</td>\n",
       "      <td>0.542207</td>\n",
       "      <td>0.515503</td>\n",
       "      <td>0.325717</td>\n",
       "      <td>0.212022</td>\n",
       "    </tr>\n",
       "    <tr>\n",
       "      <th>S2</th>\n",
       "      <td>0.219243</td>\n",
       "      <td>0.142637</td>\n",
       "      <td>0.261170</td>\n",
       "      <td>0.185548</td>\n",
       "      <td>0.896663</td>\n",
       "      <td>1.000000</td>\n",
       "      <td>-0.196455</td>\n",
       "      <td>0.659817</td>\n",
       "      <td>0.318357</td>\n",
       "      <td>0.290600</td>\n",
       "      <td>0.174054</td>\n",
       "    </tr>\n",
       "    <tr>\n",
       "      <th>S3</th>\n",
       "      <td>-0.075181</td>\n",
       "      <td>-0.379090</td>\n",
       "      <td>-0.366811</td>\n",
       "      <td>-0.178762</td>\n",
       "      <td>0.051519</td>\n",
       "      <td>-0.196455</td>\n",
       "      <td>1.000000</td>\n",
       "      <td>-0.738493</td>\n",
       "      <td>-0.398577</td>\n",
       "      <td>-0.273697</td>\n",
       "      <td>-0.394789</td>\n",
       "    </tr>\n",
       "    <tr>\n",
       "      <th>S4</th>\n",
       "      <td>0.203841</td>\n",
       "      <td>0.332115</td>\n",
       "      <td>0.413807</td>\n",
       "      <td>0.257650</td>\n",
       "      <td>0.542207</td>\n",
       "      <td>0.659817</td>\n",
       "      <td>-0.738493</td>\n",
       "      <td>1.000000</td>\n",
       "      <td>0.617859</td>\n",
       "      <td>0.417212</td>\n",
       "      <td>0.430453</td>\n",
       "    </tr>\n",
       "    <tr>\n",
       "      <th>S5</th>\n",
       "      <td>0.270774</td>\n",
       "      <td>0.149916</td>\n",
       "      <td>0.446157</td>\n",
       "      <td>0.393480</td>\n",
       "      <td>0.515503</td>\n",
       "      <td>0.318357</td>\n",
       "      <td>-0.398577</td>\n",
       "      <td>0.617859</td>\n",
       "      <td>1.000000</td>\n",
       "      <td>0.464669</td>\n",
       "      <td>0.565883</td>\n",
       "    </tr>\n",
       "    <tr>\n",
       "      <th>S6</th>\n",
       "      <td>0.301731</td>\n",
       "      <td>0.208133</td>\n",
       "      <td>0.388680</td>\n",
       "      <td>0.390430</td>\n",
       "      <td>0.325717</td>\n",
       "      <td>0.290600</td>\n",
       "      <td>-0.273697</td>\n",
       "      <td>0.417212</td>\n",
       "      <td>0.464669</td>\n",
       "      <td>1.000000</td>\n",
       "      <td>0.382483</td>\n",
       "    </tr>\n",
       "    <tr>\n",
       "      <th>Y</th>\n",
       "      <td>0.187889</td>\n",
       "      <td>0.043062</td>\n",
       "      <td>0.586450</td>\n",
       "      <td>0.441482</td>\n",
       "      <td>0.212022</td>\n",
       "      <td>0.174054</td>\n",
       "      <td>-0.394789</td>\n",
       "      <td>0.430453</td>\n",
       "      <td>0.565883</td>\n",
       "      <td>0.382483</td>\n",
       "      <td>1.000000</td>\n",
       "    </tr>\n",
       "  </tbody>\n",
       "</table>\n",
       "</div>"
      ],
      "text/plain": [
       "          AGE       SEX       BMI        BP        S1        S2        S3  \\\n",
       "AGE  1.000000  0.173737  0.185085  0.335428  0.260061  0.219243 -0.075181   \n",
       "SEX  0.173737  1.000000  0.088161  0.241010  0.035277  0.142637 -0.379090   \n",
       "BMI  0.185085  0.088161  1.000000  0.395411  0.249777  0.261170 -0.366811   \n",
       "BP   0.335428  0.241010  0.395411  1.000000  0.242464  0.185548 -0.178762   \n",
       "S1   0.260061  0.035277  0.249777  0.242464  1.000000  0.896663  0.051519   \n",
       "S2   0.219243  0.142637  0.261170  0.185548  0.896663  1.000000 -0.196455   \n",
       "S3  -0.075181 -0.379090 -0.366811 -0.178762  0.051519 -0.196455  1.000000   \n",
       "S4   0.203841  0.332115  0.413807  0.257650  0.542207  0.659817 -0.738493   \n",
       "S5   0.270774  0.149916  0.446157  0.393480  0.515503  0.318357 -0.398577   \n",
       "S6   0.301731  0.208133  0.388680  0.390430  0.325717  0.290600 -0.273697   \n",
       "Y    0.187889  0.043062  0.586450  0.441482  0.212022  0.174054 -0.394789   \n",
       "\n",
       "           S4        S5        S6         Y  \n",
       "AGE  0.203841  0.270774  0.301731  0.187889  \n",
       "SEX  0.332115  0.149916  0.208133  0.043062  \n",
       "BMI  0.413807  0.446157  0.388680  0.586450  \n",
       "BP   0.257650  0.393480  0.390430  0.441482  \n",
       "S1   0.542207  0.515503  0.325717  0.212022  \n",
       "S2   0.659817  0.318357  0.290600  0.174054  \n",
       "S3  -0.738493 -0.398577 -0.273697 -0.394789  \n",
       "S4   1.000000  0.617859  0.417212  0.430453  \n",
       "S5   0.617859  1.000000  0.464669  0.565883  \n",
       "S6   0.417212  0.464669  1.000000  0.382483  \n",
       "Y    0.430453  0.565883  0.382483  1.000000  "
      ]
     },
     "execution_count": 17,
     "metadata": {},
     "output_type": "execute_result"
    }
   ],
   "source": [
    "data.corr()"
   ]
  },
  {
   "cell_type": "code",
   "execution_count": 16,
   "metadata": {
    "colab": {
     "base_uri": "https://localhost:8080/"
    },
    "id": "IdZYowVWpsb8",
    "outputId": "6308cdee-bc70-4178-8e3f-3381504ceefd"
   },
   "outputs": [
    {
     "name": "stdout",
     "output_type": "stream",
     "text": [
      "(442,) 11\n"
     ]
    }
   ],
   "source": [
    "print(data['AGE'].shape)"
   ]
  },
  {
   "cell_type": "markdown",
   "metadata": {
    "id": "2hTUjCy5Uh7f"
   },
   "source": [
    "Data Interpritation\n",
    "### We can see in the shape of the data that there are 442 instances(samples) of data, with 10 feature variables. \n",
    "\n",
    "### These feature variables are:\n",
    "*   **age:** (in years)\n",
    "*   **sex**\n",
    "*   **bmi:**: Body mass index\n",
    "*   **bp:** average blood pressure\n",
    "*   **s1 tc:** total serum cholesterol\n",
    "*   **s2 ldl:** low-density lipoproteiens\n",
    "*   **s3 hdl:** high-density lipoproteins\n",
    "*   **s4 tch:** total cholesterol / HDL\n",
    "*   **s5 ltg:** possibly log of serum triglycerides level\n",
    "*   **s6 glu:** blood sugar level\n",
    "\n",
    "\n",
    "\n",
    "\n"
   ]
  },
  {
   "cell_type": "markdown",
   "metadata": {
    "id": "itYCk4D2tD0C"
   },
   "source": [
    "# Setup\n",
    "\n",
    "The first two Machine Learning approaches that I will be focusing on this project consist of univariate and multivariate linear regression models. This data set consists of 10 feature variables, so it's important to see the predictions differ in both models. \n",
    "\n",
    "Note: I will be use Assignment 3 as a reference when building the models as it's a well done exemplar on univariate & mulitvariate regression algorithims. \n",
    "\n",
    "\n"
   ]
  },
  {
   "cell_type": "code",
   "execution_count": 71,
   "metadata": {
    "id": "0juR5Cryus2D"
   },
   "outputs": [],
   "source": []
  },
  {
   "cell_type": "markdown",
   "metadata": {
    "id": "PblvD6Qaxtju"
   },
   "source": [
    "We could take a quick look at our train & test shapes to verify that the sklearn function split our data 50/50"
   ]
  },
  {
   "cell_type": "code",
   "execution_count": 72,
   "metadata": {
    "colab": {
     "base_uri": "https://localhost:8080/"
    },
    "id": "PIQB-PfAyKu_",
    "outputId": "e25f0b81-2a60-45ff-b359-77dd674c05bb"
   },
   "outputs": [
    {
     "name": "stdout",
     "output_type": "stream",
     "text": [
      "(265, 10) (177, 10) (265,) (177,)\n"
     ]
    }
   ],
   "source": [
    "print(X_train.shape, X_test.shape, y_train.shape, y_test.shape)"
   ]
  },
  {
   "cell_type": "markdown",
   "metadata": {
    "id": "j0OTR-YP0k2S"
   },
   "source": [
    "#Multivariate Linear Regression\n",
    "When working with multivariate linear regression, we will use all of the feature variables. My goal is to see the how much benefit it comes to using all of the features instead of one feature.  "
   ]
  },
  {
   "cell_type": "code",
   "execution_count": 74,
   "metadata": {
    "colab": {
     "base_uri": "https://localhost:8080/"
    },
    "id": "e75fPuAJ0o3Q",
    "outputId": "0a06fb49-c7ad-45bd-fcdd-65c7aa006c82"
   },
   "outputs": [
    {
     "name": "stdout",
     "output_type": "stream",
     "text": [
      "0.005649717514124294\n"
     ]
    }
   ],
   "source": [
    "regression = LinearRegression().fit(X_test,y_train)#Fit data \n"
   ]
  },
  {
   "cell_type": "code",
   "execution_count": null,
   "metadata": {
    "id": "CX5A6wD056Ne"
   },
   "outputs": [],
   "source": []
  }
 ],
 "metadata": {
  "colab": {
   "name": "Final_Diabetes_Dataset.ipynb",
   "provenance": []
  },
  "kernelspec": {
   "display_name": "Python 3",
   "language": "python",
   "name": "python3"
  },
  "language_info": {
   "codemirror_mode": {
    "name": "ipython",
    "version": 3
   },
   "file_extension": ".py",
   "mimetype": "text/x-python",
   "name": "python",
   "nbconvert_exporter": "python",
   "pygments_lexer": "ipython3",
   "version": "3.8.8"
  }
 },
 "nbformat": 4,
 "nbformat_minor": 1
}
